((("Builder" .
   [0 0 1 0 0 1 1])
  ("headers" .
   [1 0 0 0 0 0 0])
  ("parser" .
   [1 0 0 0 0 0])
  ("new" .
   [2 0 0])
  ("App" .
   [1 0 0])
  ("message" .
   [0 0 0 0 0 2 0])
  ("200" .
   [1 0 0])
  ("env" .
   [2 0 0])
  ("sleep" .
   [0 0 0 1 0])
  ("ENV" .
   [0 0 1])
  ("callcc" .
   [0 0 0 0 1 0])
  ("elsif" .
   [0 0 0 1 1])
  ("print" .
   [1 0 0 0 0])
  ("333" .
   [1 0 0])
  ("haha" .
   [1 0 0 0])
  ("asd" .
   [1 0 0])
  ("gem" .
   [1 0 0])
  ("puts" .
   [0 0 2 0])
  ("length" .
   [1 0 0 4 0 0])
  ("end" .
   [0 0 2])
  ("defn" .
   [0 0 5 3])
  ("cleantha" .
   [1 0 8 1 1 1 0 0])
  ("clea" .
   [2 0 0 1])
  ("def" .
   [3 0 4])
  ("let" .
   [0 0 2])
  ("println" .
   [0 0 0 0 1 0 1])
  ("sansan" .
   [0 0 0 1 0 0])
  ("assoc" .
   [0 0 0 0 1])
  (":key" .
   [1 0 0 0])
  ("result" .
   [1 0 0 0 1 1])
  ("matrix1" .
   [0 0 0 1 0 0 3])
  ("matrix2" .
   [1 0 0 0 0 0 0])
  ("push" .
   [1 0 0 0])
  ("zip" .
   [0 0 1])
  ("map" .
   [1 0 0])
  ("source" .
   [1 0 0 0 0 0])
  ("class" .
   [0 0 0 0 2])
  ("port" .
   [1 0 0 0])
  ("server" .
   [2 0 0 1 0 0])
  ("socket" .
   [3 0 0 0 0 3])
  ("DATA" .
   [0 0 0 2])
  ("data" .
   [1 0 0 0])
  ("write" .
   [3 0 0 0 0])
  ("Tube" .
   [2 0 0 0])
  ("start" .
   [1 0 0 0 0])
  ("file" .
   [2 0 0 0])
  ("builder" .
   [2 0 0 1 0 0 0])
  ("instance_eval" .
   [0 0 0 0 0 0 1 0 0 0 0 0 0])
  ("content" .
   [1 0 0 0 0 0 0])
  ("app" .
   [2 0 0])
  ("parse_file" .
   [0 0 0 0 0 0 1 0 0 0])))
